RootBone: 72
BoneCount: 236
BoneName: mixamorig:Hips
BoneIndex: 0
BoneParentIndex: 85
BoneChildrenCount: 3
86
212
224
1.000000 0.000000 -0.000000 0.000000
0.000000 1.000000 -0.000000 0.000000
-0.000000 -0.000000 1.000000 -0.000000
0.000000 0.000000 -0.000000 1.000000
1.000000 0.000950 -0.000031 0.000000
-0.000950 1.000000 0.000003 0.000000
0.000031 -0.000003 1.000000 -0.000000
0.001157 -1.218619 -0.003862 1.000000
BoneName: mixamorig:Spine
BoneIndex: 1
BoneParentIndex: 88
BoneChildrenCount: 1
2
1.000000 0.000000 -0.000000 0.000000
0.000000 1.000000 -0.000000 0.000000
-0.000000 -0.000000 1.000000 -0.000000
0.000000 0.000000 -0.000000 1.000000
1.000000 -0.000000 -0.000000 0.000000
0.000000 0.989300 -0.145895 0.000000
0.000000 0.145895 0.989300 -0.000000
-0.000000 -1.325325 0.177584 1.000000
BoneName: mixamorig:Spine1
BoneIndex: 2
BoneParentIndex: 1
BoneChildrenCount: 1
89
1.000000 0.000000 -0.000000 0.000000
0.000000 1.000000 -0.000000 0.000000
-0.000000 -0.000000 1.000000 -0.000000
-0.000000 0.140335 -0.000000 1.000000
1.000000 -0.000000 -0.000000 0.000000
0.000000 0.989300 -0.145895 0.000000
0.000000 0.145895 0.989300 -0.000000
-0.000000 -1.465659 0.177584 1.000000
BoneName: mixamorig:Spine2
BoneIndex: 3
BoneParentIndex: 91
BoneChildrenCount: 3
4
102
156
1.000000 0.000000 -0.000000 0.000000
0.000000 1.000000 -0.000000 0.000000
-0.000000 -0.000000 1.000000 -0.000000
0.000000 0.000000 -0.000000 1.000000
1.000000 -0.000000 -0.000000 0.000000
0.000000 1.000000 -0.000000 0.000000
0.000000 0.000000 1.000000 -0.000000
-0.000000 -1.633954 -0.061460 1.000000
BoneName: mixamorig:Neck
BoneIndex: 4
BoneParentIndex: 3
BoneChildrenCount: 1
5
1.000000 0.000000 -0.000000 0.000000
0.000000 1.000000 -0.000000 0.000000
-0.000000 -0.000000 1.000000 -0.000000
0.000000 0.185709 -0.014903 1.000000
1.000000 -0.000000 -0.000000 0.000000
0.000000 1.000000 -0.000000 0.000000
0.000000 0.000000 1.000000 -0.000000
-0.000000 -1.819663 -0.046557 1.000000
BoneName: mixamorig:Head
BoneIndex: 5
BoneParentIndex: 4
BoneChildrenCount: 4
6
92
94
96
1.000000 0.000000 -0.000000 0.000000
0.000000 1.000000 -0.000000 0.000000
-0.000000 -0.000000 1.000000 -0.000000
-0.000000 0.094038 -0.030455 1.000000
1.000000 -0.000000 -0.000000 0.000000
0.000000 1.000000 -0.000000 0.000000
0.000000 0.000000 1.000000 -0.000000
-0.000000 -1.913701 -0.016101 1.000000
BoneName: mixamorig:HeadTop_End
BoneIndex: 6
BoneParentIndex: 5
BoneChildrenCount: 0
1.000000 0.000000 -0.000000 0.000000
0.000000 1.000000 -0.000000 0.000000
-0.000000 -0.000000 1.000000 -0.000000
-0.000000 0.221780 -0.070092 1.000000
1.000000 -0.000000 -0.000000 0.000000
0.000000 1.000000 -0.000000 0.000000
0.000000 0.000000 1.000000 -0.000000
-0.000000 -2.135481 0.053990 1.000000
BoneName: mixamorig:LeftEye
BoneIndex: 7
BoneParentIndex: 93
BoneChildrenCount: 0
1.000000 0.000000 -0.000000 0.000000
0.000000 1.000000 -0.000000 0.000000
-0.000000 -0.000000 1.000000 -0.000000
0.000000 0.000000 -0.000000 1.000000
1.000000 0.000000 -0.000000 0.000000
0.000000 0.997198 0.074807 0.000000
0.000000 -0.074807 0.997198 -0.000000
-0.041262 -2.014074 -0.038872 1.000000
BoneName: mixamorig:RightEye
BoneIndex: 8
BoneParentIndex: 95
BoneChildrenCount: 0
1.000000 0.000000 -0.000000 0.000000
0.000000 1.000000 -0.000000 0.000000
-0.000000 -0.000000 1.000000 -0.000000
0.000000 0.000000 -0.000000 1.000000
1.000000 0.000000 -0.000000 0.000000
0.000000 0.997198 0.074807 0.000000
0.000000 -0.074807 0.997198 -0.000000
0.038829 -2.014073 -0.038885 1.000000
BoneName: mixamorig:Hair1
BoneIndex: 9
BoneParentIndex: 97
BoneChildrenCount: 1
98
1.000000 0.000000 -0.000000 0.000000
0.000000 1.000000 -0.000000 0.000000
-0.000000 -0.000000 1.000000 -0.000000
0.000000 0.000000 -0.000000 1.000000
-0.000000 -0.000000 -1.000000 0.000000
-0.914593 0.404375 -0.000000 0.000000
0.404375 0.914593 -0.000000 -0.000000
1.801106 -0.916149 -0.000064 1.000000
BoneName: mixamorig:Hair2
BoneIndex: 10
BoneParentIndex: 99
BoneChildrenCount: 1
100
1.000000 0.000000 -0.000000 0.000000
0.000000 1.000000 -0.000000 0.000000
-0.000000 -0.000000 1.000000 -0.000000
0.000000 0.000000 -0.000000 1.000000
-0.000000 -0.000000 -1.000000 0.000000
-0.878682 0.477407 -0.000000 0.000000
0.477407 0.878682 -0.000000 -0.000000
1.638463 -1.052869 -0.000064 1.000000
BoneName: mixamorig:Hair3
BoneIndex: 11
BoneParentIndex: 101
BoneChildrenCount: 1
12
1.000000 0.000000 -0.000000 0.000000
0.000000 1.000000 -0.000000 0.000000
-0.000000 -0.000000 1.000000 -0.000000
0.000000 0.000000 -0.000000 1.000000
-0.000000 -0.000000 -1.000000 0.000000
-0.820709 0.571347 -0.000000 0.000000
0.571347 0.820709 -0.000000 -0.000000
1.425402 -1.217395 -0.000064 1.000000
BoneName: mixamorig:Hair4
BoneIndex: 12
BoneParentIndex: 11
BoneChildrenCount: 0
1.000000 0.000000 -0.000000 0.000000
0.000000 1.000000 -0.000000 0.000000
-0.000000 -0.000000 1.000000 -0.000000
0.098899 -0.000000 0.000000 1.000000
-0.000000 -0.000000 -1.000000 0.000000
-0.820709 0.571347 -0.000000 0.000000
0.571347 0.820709 -0.000000 -0.000000
1.326503 -1.217395 -0.000064 1.000000
BoneName: mixamorig:LeftShoulder
BoneIndex: 13
BoneParentIndex: 104
BoneChildrenCount: 1
105
1.000000 0.000000 -0.000000 0.000000
0.000000 1.000000 -0.000000 0.000000
-0.000000 -0.000000 1.000000 -0.000000
0.000000 0.000000 -0.000000 1.000000
-0.236313 0.971440 0.021470 0.000000
0.005075 -0.020861 0.999770 0.000000
0.971664 0.236368 0.000000 -0.000000
-0.045558 -0.047470 -1.744310 1.000000
BoneName: mixamorig:LeftArm
BoneIndex: 14
BoneParentIndex: 107
BoneChildrenCount: 1
108
1.000000 0.000000 -0.000000 0.000000
0.000000 1.000000 -0.000000 0.000000
-0.000000 -0.000000 1.000000 -0.000000
0.000000 0.000000 -0.000000 1.000000
-0.012970 0.999905 -0.004648 0.000000
-0.000000 0.004649 0.999989 0.000000
0.999916 0.012970 -0.000060 -0.000000
-0.099394 -0.276935 -1.737699 1.000000
BoneName: mixamorig:LeftForeArm
BoneIndex: 15
BoneParentIndex: 110
BoneChildrenCount: 1
16
1.000000 0.000000 -0.000000 0.000000
0.000000 1.000000 -0.000000 0.000000
-0.000000 -0.000000 1.000000 -0.000000
0.000000 0.000000 -0.000000 1.000000
-0.001109 0.999996 0.002582 0.000000
-0.000000 -0.002582 0.999997 0.000000
0.999999 0.001109 0.000003 -0.000000
-0.106183 -0.567237 -1.741851 1.000000
BoneName: mixamorig:LeftHand
BoneIndex: 16
BoneParentIndex: 15
BoneChildrenCount: 5
111
120
129
138
147
1.000000 0.000000 -0.000000 0.000000
0.000000 1.000000 -0.000000 0.000000
-0.000000 -0.000000 1.000000 -0.000000
-0.000000 0.289515 0.000000 1.000000
-0.001109 0.999996 0.002582 0.000000
-0.000000 -0.002582 0.999997 0.000000
0.999999 0.001109 0.000003 -0.000000
-0.106183 -0.856753 -1.741851 1.000000
BoneName: mixamorig:LeftHandThumb1
BoneIndex: 17
BoneParentIndex: 113
BoneChildrenCount: 1
114
1.000000 0.000000 -0.000000 0.000000
0.000000 1.000000 -0.000000 0.000000
-0.000000 -0.000000 1.000000 -0.000000
0.000000 0.000000 -0.000000 1.000000
0.502292 0.782290 0.368408 0.000000
0.027577 -0.440330 0.897412 0.000000
0.864258 -0.440603 -0.242747 -0.000000
-0.560405 0.071699 -1.846686 1.000000
BoneName: mixamorig:LeftHandThumb2
BoneIndex: 18
BoneParentIndex: 116
BoneChildrenCount: 1
117
1.000000 0.000000 -0.000000 0.000000
0.000000 1.000000 -0.000000 0.000000
-0.000000 -0.000000 1.000000 -0.000000
0.000000 0.000000 -0.000000 1.000000
0.516107 0.772797 0.369349 0.000000
0.019751 -0.441841 0.896876 0.000000
0.856296 -0.455589 -0.243301 -0.000000
-0.560267 0.014902 -1.846670 1.000000
BoneName: mixamorig:LeftHandThumb3
BoneIndex: 19
BoneParentIndex: 119
BoneChildrenCount: 1
20
1.000000 0.000000 -0.000000 0.000000
0.000000 1.000000 -0.000000 0.000000
-0.000000 -0.000000 1.000000 -0.000000
0.000000 0.000000 -0.000000 1.000000
0.517723 0.771664 0.369456 0.000000
0.018829 -0.442008 0.896814 0.000000
0.855341 -0.457344 -0.243367 -0.000000
-0.560370 -0.046562 -1.846675 1.000000
BoneName: mixamorig:LeftHandThumb4
BoneIndex: 20
BoneParentIndex: 19
BoneChildrenCount: 0
1.000000 0.000000 -0.000000 0.000000
0.000000 1.000000 -0.000000 0.000000
-0.000000 -0.000000 1.000000 -0.000000
-0.000000 0.050639 0.000000 1.000000
0.517723 0.771664 0.369456 0.000000
0.018829 -0.442008 0.896814 0.000000
0.855341 -0.457344 -0.243367 -0.000000
-0.560370 -0.097201 -1.846675 1.000000
BoneName: mixamorig:LeftHandIndex1
BoneIndex: 21
BoneParentIndex: 122
BoneChildrenCount: 1
123
1.000000 0.000000 -0.000000 0.000000
0.000000 1.000000 -0.000000 0.000000
-0.000000 -0.000000 1.000000 -0.000000
0.000000 0.000000 -0.000000 1.000000
-0.012621 0.999919 0.001717 0.000000
-0.000000 -0.001717 0.999999 0.000000
0.999920 0.012621 0.000022 -0.000000
-0.049358 -1.018610 -1.725948 1.000000
BoneName: mixamorig:LeftHandIndex2
BoneIndex: 22
BoneParentIndex: 125
BoneChildrenCount: 1
126
1.000000 0.000000 -0.000000 0.000000
0.000000 1.000000 -0.000000 0.000000
-0.000000 -0.000000 1.000000 -0.000000
0.000000 0.000000 -0.000000 1.000000
-0.012333 0.999922 0.001756 0.000000
-0.000000 -0.001756 0.999998 0.000000
0.999924 0.012333 0.000022 -0.000000
-0.049669 -1.075015 -1.725990 1.000000
BoneName: mixamorig:LeftHandIndex3
BoneIndex: 23
BoneParentIndex: 128
BoneChildrenCount: 1
24
1.000000 0.000000 -0.000000 0.000000
0.000000 1.000000 -0.000000 0.000000
-0.000000 -0.000000 1.000000 -0.000000
0.000000 0.000000 -0.000000 1.000000
-0.012480 0.999921 0.001735 0.000000
-0.000000 -0.001735 0.999998 0.000000
0.999922 0.012480 0.000022 -0.000000
-0.049502 -1.128453 -1.725967 1.000000
BoneName: mixamorig:LeftHandIndex4
BoneIndex: 24
BoneParentIndex: 23
BoneChildrenCount: 0
1.000000 0.000000 -0.000000 0.000000
0.000000 1.000000 -0.000000 0.000000
-0.000000 -0.000000 1.000000 -0.000000
-0.000000 0.045633 -0.000000 1.000000
-0.012480 0.999921 0.001735 0.000000
-0.000000 -0.001735 0.999998 0.000000
0.999922 0.012480 0.000022 -0.000000
-0.049502 -1.174085 -1.725967 1.000000
BoneName: mixamorig:LeftHandMiddle1
BoneIndex: 25
BoneParentIndex: 131
BoneChildrenCount: 1
132
1.000000 0.000000 -0.000000 0.000000
0.000000 1.000000 -0.000000 0.000000
-0.000000 -0.000000 1.000000 -0.000000
0.000000 0.000000 -0.000000 1.000000
-0.012355 0.999923 0.001342 0.000000
-0.000000 -0.001343 0.999999 0.000000
0.999924 0.012355 0.000017 -0.000000
-0.093963 -1.028550 -1.741058 1.000000
BoneName: mixamorig:LeftHandMiddle2
BoneIndex: 26
BoneParentIndex: 134
BoneChildrenCount: 1
135
1.000000 0.000000 -0.000000 0.000000
0.000000 1.000000 -0.000000 0.000000
-0.000000 -0.000000 1.000000 -0.000000
0.000000 0.000000 -0.000000 1.000000
-0.012312 0.999922 0.002158 0.000000
0.000000 -0.002158 0.999998 0.000000
0.999924 0.012312 0.000027 -0.000000
-0.094011 -1.087489 -1.741946 1.000000
BoneName: mixamorig:LeftHandMiddle3
BoneIndex: 27
BoneParentIndex: 137
BoneChildrenCount: 1
28
1.000000 0.000000 -0.000000 0.000000
0.000000 1.000000 -0.000000 0.000000
-0.000000 -0.000000 1.000000 -0.000000
0.000000 0.000000 -0.000000 1.000000
-0.012366 0.999923 0.001081 0.000000
-0.000000 -0.001081 0.999999 0.000000
0.999924 0.012366 0.000013 -0.000000
-0.093949 -1.140172 -1.740718 1.000000
BoneName: mixamorig:LeftHandMiddle4
BoneIndex: 28
BoneParentIndex: 27
BoneChildrenCount: 0
1.000000 0.000000 -0.000000 0.000000
0.000000 1.000000 -0.000000 0.000000
-0.000000 -0.000000 1.000000 -0.000000
-0.000000 0.049112 -0.000000 1.000000
-0.012366 0.999923 0.001081 0.000000
-0.000000 -0.001081 0.999999 0.000000
0.999924 0.012366 0.000013 -0.000000
-0.093949 -1.189283 -1.740718 1.000000
BoneName: mixamorig:LeftHandRing1
BoneIndex: 29
BoneParentIndex: 140
BoneChildrenCount: 1
141
1.000000 0.000000 -0.000000 0.000000
0.000000 1.000000 -0.000000 0.000000
-0.000000 -0.000000 1.000000 -0.000000
0.000000 0.000000 -0.000000 1.000000
-0.012378 0.999923 0.000904 0.000000
-0.000000 -0.000904 1.000000 0.000000
0.999923 0.012378 0.000011 -0.000000
-0.138519 -1.022323 -1.741198 1.000000
BoneName: mixamorig:LeftHandRing2
BoneIndex: 30
BoneParentIndex: 143
BoneChildrenCount: 1
144
1.000000 0.000000 -0.000000 0.000000
0.000000 1.000000 -0.000000 0.000000
-0.000000 -0.000000 1.000000 -0.000000
0.000000 0.000000 -0.000000 1.000000
-0.012320 0.999922 0.001995 0.000000
0.000000 -0.001995 0.999998 0.000000
0.999924 0.012320 0.000025 -0.000000
-0.138582 -1.074665 -1.742372 1.000000
BoneName: mixamorig:LeftHandRing3
BoneIndex: 31
BoneParentIndex: 146
BoneChildrenCount: 1
32
1.000000 0.000000 -0.000000 0.000000
0.000000 1.000000 -0.000000 0.000000
-0.000000 -0.000000 1.000000 -0.000000
0.000000 0.000000 -0.000000 1.000000
-0.012361 0.999923 0.001035 0.000000
-0.000000 -0.001035 0.999999 0.000000
0.999924 0.012361 0.000013 -0.000000
-0.138536 -1.119435 -1.741298 1.000000
BoneName: mixamorig:LeftHandRing4
BoneIndex: 32
BoneParentIndex: 31
BoneChildrenCount: 0
1.000000 0.000000 -0.000000 0.000000
0.000000 1.000000 -0.000000 0.000000
-0.000000 -0.000000 1.000000 -0.000000
0.000000 0.040275 0.000000 1.000000
-0.012361 0.999923 0.001035 0.000000
-0.000000 -0.001035 0.999999 0.000000
0.999924 0.012361 0.000013 -0.000000
-0.138536 -1.159710 -1.741298 1.000000
BoneName: mixamorig:LeftHandPinky1
BoneIndex: 33
BoneParentIndex: 149
BoneChildrenCount: 1
150
1.000000 0.000000 -0.000000 0.000000
0.000000 1.000000 -0.000000 0.000000
-0.000000 -0.000000 1.000000 -0.000000
0.000000 0.000000 -0.000000 1.000000
-0.012347 0.999923 0.001291 0.000000
-0.000000 -0.001292 0.999999 0.000000
0.999924 0.012347 0.000016 -0.000000
-0.171760 -1.000869 -1.725267 1.000000
BoneName: mixamorig:LeftHandPinky2
BoneIndex: 34
BoneParentIndex: 152
BoneChildrenCount: 1
153
1.000000 0.000000 -0.000000 0.000000
0.000000 1.000000 -0.000000 0.000000
-0.000000 -0.000000 1.000000 -0.000000
0.000000 0.000000 -0.000000 1.000000
-0.012375 0.999923 0.000681 0.000000
-0.000000 -0.000681 1.000000 0.000000
0.999924 0.012375 0.000008 -0.000000
-0.171731 -1.040307 -1.724632 1.000000
BoneName: mixamorig:LeftHandPinky3
BoneIndex: 35
BoneParentIndex: 155
BoneChildrenCount: 1
36
1.000000 0.000000 -0.000000 0.000000
0.000000 1.000000 -0.000000 0.000000
-0.000000 -0.000000 1.000000 -0.000000
0.000000 0.000000 -0.000000 1.000000
-0.012462 0.999922 -0.001074 0.000000
-0.000000 0.001074 1.000000 0.000000
0.999922 0.012462 -0.000013 -0.000000
-0.171637 -1.077454 -1.722743 1.000000
BoneName: mixamorig:LeftHandPinky4
BoneIndex: 36
BoneParentIndex: 35
BoneChildrenCount: 0
1.000000 0.000000 -0.000000 0.000000
0.000000 1.000000 -0.000000 0.000000
-0.000000 -0.000000 1.000000 -0.000000
0.000000 0.039593 0.000000 1.000000
-0.012462 0.999922 -0.001074 0.000000
-0.000000 0.001074 1.000000 0.000000
0.999922 0.012462 -0.000013 -0.000000
-0.171637 -1.117047 -1.722744 1.000000
BoneName: mixamorig:RightShoulder
BoneIndex: 37
BoneParentIndex: 158
BoneChildrenCount: 1
159
1.000000 0.000000 -0.000000 0.000000
0.000000 1.000000 -0.000000 0.000000
-0.000000 -0.000000 1.000000 -0.000000
0.000000 0.000000 -0.000000 1.000000
-0.236312 -0.971440 -0.021459 0.000000
-0.005072 -0.020851 0.999770 0.000000
-0.971664 0.236366 0.000000 -0.000000
0.045554 -0.047488 -1.744311 1.000000
BoneName: mixamorig:RightArm
BoneIndex: 38
BoneParentIndex: 161
BoneChildrenCount: 1
162
1.000000 0.000000 -0.000000 0.000000
0.000000 1.000000 -0.000000 0.000000
-0.000000 -0.000000 1.000000 -0.000000
0.000000 0.000000 -0.000000 1.000000
-0.012973 -0.999905 0.004636 0.000000
-0.000000 0.004637 0.999989 0.000000
-0.999916 0.012973 -0.000060 -0.000000
0.099393 -0.276914 -1.737705 1.000000
BoneName: mixamorig:RightForeArm
BoneIndex: 39
BoneParentIndex: 164
BoneChildrenCount: 1
40
1.000000 0.000000 -0.000000 0.000000
0.000000 1.000000 -0.000000 0.000000
-0.000000 -0.000000 1.000000 -0.000000
0.000000 0.000000 -0.000000 1.000000
-0.001109 -0.999996 -0.002591 0.000000
0.000000 -0.002591 0.999997 0.000000
-0.999999 0.001109 0.000003 -0.000000
0.106183 -0.567223 -1.741855 1.000000
BoneName: mixamorig:RightHand
BoneIndex: 40
BoneParentIndex: 39
BoneChildrenCount: 6
165
174
183
192
201
210
1.000000 0.000000 -0.000000 0.000000
0.000000 1.000000 -0.000000 0.000000
-0.000000 -0.000000 1.000000 -0.000000
0.000000 0.289515 -0.000000 1.000000
-0.001109 -0.999996 -0.002591 0.000000
0.000000 -0.002591 0.999997 0.000000
-0.999999 0.001109 0.000003 -0.000000
0.106183 -0.856738 -1.741855 1.000000
BoneName: mixamorig:RightHandThumb1
BoneIndex: 41
BoneParentIndex: 167
BoneChildrenCount: 1
168
1.000000 0.000000 -0.000000 0.000000
0.000000 1.000000 -0.000000 0.000000
-0.000000 -0.000000 1.000000 -0.000000
0.000000 0.000000 -0.000000 1.000000
0.500061 -0.782293 -0.371425 0.000000
-0.022151 -0.440316 0.897569 0.000000
-0.865707 -0.440612 -0.237514 -0.000000
0.549235 0.071672 -1.850036 1.000000
BoneName: mixamorig:RightHandThumb2
BoneIndex: 42
BoneParentIndex: 170
BoneChildrenCount: 1
171
1.000000 0.000000 -0.000000 0.000000
0.000000 1.000000 -0.000000 0.000000
-0.000000 -0.000000 1.000000 -0.000000
0.000000 0.000000 -0.000000 1.000000
0.513880 -0.772783 -0.372470 0.000000
-0.014334 -0.441858 0.896970 0.000000
-0.857742 -0.455596 -0.238139 -0.000000
0.549115 0.014942 -1.850013 1.000000
BoneName: mixamorig:RightHandThumb3
BoneIndex: 43
BoneParentIndex: 173
BoneChildrenCount: 1
44
1.000000 0.000000 -0.000000 0.000000
0.000000 1.000000 -0.000000 0.000000
-0.000000 -0.000000 1.000000 -0.000000
0.000000 0.000000 -0.000000 1.000000
0.515454 -0.771713 -0.372513 0.000000
-0.013437 -0.441938 0.896945 0.000000
-0.856812 -0.457329 -0.238168 -0.000000
0.549218 -0.046726 -1.850014 1.000000
BoneName: mixamorig:RightHandThumb4
BoneIndex: 44
BoneParentIndex: 43
BoneChildrenCount: 0
1.000000 0.000000 -0.000000 0.000000
0.000000 1.000000 -0.000000 0.000000
-0.000000 -0.000000 1.000000 -0.000000
0.000000 0.050641 -0.000000 1.000000
0.515454 -0.771713 -0.372513 0.000000
-0.013437 -0.441938 0.896945 0.000000
-0.856812 -0.457329 -0.238168 -0.000000
0.549218 -0.097367 -1.850014 1.000000
BoneName: mixamorig:RightHandIndex1
BoneIndex: 45
BoneParentIndex: 176
BoneChildrenCount: 1
177
1.000000 0.000000 -0.000000 0.000000
0.000000 1.000000 -0.000000 0.000000
-0.000000 -0.000000 1.000000 -0.000000
0.000000 0.000000 -0.000000 1.000000
-0.012621 -0.999919 -0.001770 0.000000
0.000000 -0.001770 0.999998 0.000000
-0.999920 0.012621 0.000022 -0.000000
0.049358 -1.018520 -1.726006 1.000000
BoneName: mixamorig:RightHandIndex2
BoneIndex: 46
BoneParentIndex: 179
BoneChildrenCount: 1
180
1.000000 0.000000 -0.000000 0.000000
0.000000 1.000000 -0.000000 0.000000
-0.000000 -0.000000 1.000000 -0.000000
0.000000 0.000000 -0.000000 1.000000
-0.012335 -0.999923 -0.001685 0.000000
-0.000000 -0.001686 0.999999 0.000000
-0.999924 0.012335 0.000021 -0.000000
0.049667 -1.075137 -1.725915 1.000000
BoneName: mixamorig:RightHandIndex3
BoneIndex: 47
BoneParentIndex: 182
BoneChildrenCount: 1
48
1.000000 0.000000 -0.000000 0.000000
0.000000 1.000000 -0.000000 0.000000
-0.000000 -0.000000 1.000000 -0.000000
0.000000 0.000000 -0.000000 1.000000
-0.012480 -0.999921 -0.001753 0.000000
0.000000 -0.001753 0.999998 0.000000
-0.999922 0.012480 0.000022 -0.000000
0.049503 -1.128422 -1.725991 1.000000
BoneName: mixamorig:RightHandIndex4
BoneIndex: 48
BoneParentIndex: 47
BoneChildrenCount: 0
1.000000 0.000000 -0.000000 0.000000
0.000000 1.000000 -0.000000 0.000000
-0.000000 -0.000000 1.000000 -0.000000
-0.000000 0.045634 -0.000000 1.000000
-0.012480 -0.999921 -0.001753 0.000000
0.000000 -0.001753 0.999998 0.000000
-0.999922 0.012480 0.000022 -0.000000
0.049503 -1.174055 -1.725991 1.000000
BoneName: mixamorig:RightHandMiddle1
BoneIndex: 49
BoneParentIndex: 185
BoneChildrenCount: 1
186
1.000000 0.000000 -0.000000 0.000000
0.000000 1.000000 -0.000000 0.000000
-0.000000 -0.000000 1.000000 -0.000000
0.000000 0.000000 -0.000000 1.000000
-0.012358 -0.999923 -0.001491 0.000000
0.000000 -0.001491 0.999999 0.000000
-0.999924 0.012358 0.000018 -0.000000
0.093960 -1.028295 -1.741215 1.000000
BoneName: mixamorig:RightHandMiddle2
BoneIndex: 50
BoneParentIndex: 188
BoneChildrenCount: 1
189
1.000000 0.000000 -0.000000 0.000000
0.000000 1.000000 -0.000000 0.000000
-0.000000 -0.000000 1.000000 -0.000000
0.000000 0.000000 -0.000000 1.000000
-0.012305 -0.999922 -0.002165 0.000000
0.000000 -0.002166 0.999998 0.000000
-0.999924 0.012305 0.000027 -0.000000
0.094019 -1.087480 -1.741949 1.000000
BoneName: mixamorig:RightHandMiddle3
BoneIndex: 51
BoneParentIndex: 191
BoneChildrenCount: 1
52
1.000000 0.000000 -0.000000 0.000000
0.000000 1.000000 -0.000000 0.000000
-0.000000 -0.000000 1.000000 -0.000000
0.000000 0.000000 -0.000000 1.000000
-0.012379 -0.999923 -0.001018 0.000000
0.000000 -0.001018 1.000000 0.000000
-0.999923 0.012379 0.000013 -0.000000
0.093933 -1.140279 -1.740642 1.000000
BoneName: mixamorig:RightHandMiddle4
BoneIndex: 52
BoneParentIndex: 51
BoneChildrenCount: 0
1.000000 0.000000 -0.000000 0.000000
0.000000 1.000000 -0.000000 0.000000
-0.000000 -0.000000 1.000000 -0.000000
-0.000000 0.049114 0.000000 1.000000
-0.012379 -0.999923 -0.001018 0.000000
0.000000 -0.001018 1.000000 0.000000
-0.999923 0.012379 0.000013 -0.000000
0.093933 -1.189393 -1.740642 1.000000
BoneName: mixamorig:RightHandRing1
BoneIndex: 53
BoneParentIndex: 194
BoneChildrenCount: 1
195
1.000000 0.000000 -0.000000 0.000000
0.000000 1.000000 -0.000000 0.000000
-0.000000 -0.000000 1.000000 -0.000000
0.000000 0.000000 -0.000000 1.000000
-0.012368 -0.999923 -0.000922 0.000000
-0.000000 -0.000922 1.000000 0.000000
-0.999924 0.012368 0.000011 -0.000000
0.138530 -1.022287 -1.741213 1.000000
BoneName: mixamorig:RightHandRing2
BoneIndex: 54
BoneParentIndex: 197
BoneChildrenCount: 1
198
1.000000 0.000000 -0.000000 0.000000
0.000000 1.000000 -0.000000 0.000000
-0.000000 -0.000000 1.000000 -0.000000
0.000000 0.000000 -0.000000 1.000000
-0.012322 -0.999922 -0.001856 0.000000
-0.000000 -0.001856 0.999998 0.000000
-0.999924 0.012322 0.000023 -0.000000
0.138580 -1.074907 -1.742218 1.000000
BoneName: mixamorig:RightHandRing3
BoneIndex: 55
BoneParentIndex: 200
BoneChildrenCount: 1
56
1.000000 0.000000 -0.000000 0.000000
0.000000 1.000000 -0.000000 0.000000
-0.000000 -0.000000 1.000000 -0.000000
0.000000 0.000000 -0.000000 1.000000
-0.012366 -0.999923 -0.000993 0.000000
0.000000 -0.000993 0.999999 0.000000
-0.999924 0.012366 0.000012 -0.000000
0.138531 -1.119510 -1.741253 1.000000
BoneName: mixamorig:RightHandRing4
BoneIndex: 56
BoneParentIndex: 55
BoneChildrenCount: 0
1.000000 0.000000 -0.000000 0.000000
0.000000 1.000000 -0.000000 0.000000
-0.000000 -0.000000 1.000000 -0.000000
0.000000 0.040273 0.000000 1.000000
-0.012366 -0.999923 -0.000993 0.000000
0.000000 -0.000993 0.999999 0.000000
-0.999924 0.012366 0.000012 -0.000000
0.138531 -1.159783 -1.741253 1.000000
BoneName: mixamorig:RightHandPinky1
BoneIndex: 57
BoneParentIndex: 203
BoneChildrenCount: 1
204
1.000000 0.000000 -0.000000 0.000000
0.000000 1.000000 -0.000000 0.000000
-0.000000 -0.000000 1.000000 -0.000000
0.000000 0.000000 -0.000000 1.000000
-0.012349 -0.999923 -0.001303 0.000000
0.000000 -0.001303 0.999999 0.000000
-0.999924 0.012349 0.000016 -0.000000
0.171758 -1.000851 -1.725275 1.000000
BoneName: mixamorig:RightHandPinky2
BoneIndex: 58
BoneParentIndex: 206
BoneChildrenCount: 1
207
1.000000 0.000000 -0.000000 0.000000
0.000000 1.000000 -0.000000 0.000000
-0.000000 -0.000000 1.000000 -0.000000
0.000000 0.000000 -0.000000 1.000000
-0.012374 -0.999923 -0.000586 0.000000
0.000000 -0.000586 1.000000 0.000000
-0.999923 0.012374 0.000007 -0.000000
0.171731 -1.040474 -1.724530 1.000000
BoneName: mixamorig:RightHandPinky3
BoneIndex: 59
BoneParentIndex: 209
BoneChildrenCount: 1
60
1.000000 0.000000 -0.000000 0.000000
0.000000 1.000000 -0.000000 0.000000
-0.000000 -0.000000 1.000000 -0.000000
0.000000 0.000000 -0.000000 1.000000
-0.012452 -0.999922 0.001010 0.000000
-0.000000 0.001010 1.000000 0.000000
-0.999923 0.012452 -0.000013 -0.000000
0.171648 -1.077342 -1.722813 1.000000
BoneName: mixamorig:RightHandPinky4
BoneIndex: 60
BoneParentIndex: 59
BoneChildrenCount: 0
1.000000 0.000000 -0.000000 0.000000
0.000000 1.000000 -0.000000 0.000000
-0.000000 -0.000000 1.000000 -0.000000
0.000000 0.039593 0.000000 1.000000
-0.012452 -0.999922 0.001010 0.000000
-0.000000 0.001010 1.000000 0.000000
-0.999923 0.012452 -0.000013 -0.000000
0.171648 -1.116935 -1.722813 1.000000
BoneName: mixamorig:Weapon
BoneIndex: 61
BoneParentIndex: 211
BoneChildrenCount: 0
1.000000 0.000000 -0.000000 0.000000
0.000000 1.000000 -0.000000 0.000000
-0.000000 -0.000000 1.000000 -0.000000
0.000000 0.000000 -0.000000 1.000000
0.950073 0.038417 0.309654 0.000000
-0.053061 0.997829 0.039003 0.000000
-0.307483 -0.053487 0.950049 -0.000000
1.053705 -1.640512 0.119509 1.000000
BoneName: mixamorig:RightUpLeg
BoneIndex: 62
BoneParentIndex: 214
BoneChildrenCount: 1
215
1.000000 0.000000 -0.000000 0.000000
0.000000 1.000000 -0.000000 0.000000
-0.000000 -0.000000 1.000000 -0.000000
0.000000 0.000000 -0.000000 1.000000
-1.000000 -0.000000 0.000000 0.000000
-0.000000 -0.999952 -0.009828 0.000000
0.000000 -0.009828 0.999952 -0.000000
-0.117277 1.126538 0.010774 1.000000
BoneName: mixamorig:RightLeg
BoneIndex: 63
BoneParentIndex: 217
BoneChildrenCount: 1
218
1.000000 0.000000 -0.000000 0.000000
0.000000 1.000000 -0.000000 0.000000
-0.000000 -0.000000 1.000000 -0.000000
0.000000 0.000000 -0.000000 1.000000
-1.000000 0.000000 0.000000 0.000000
-0.000000 -0.996951 0.078037 0.000000
0.000000 0.078037 0.996951 -0.000000
-0.117277 0.639288 -0.045551 1.000000
BoneName: mixamorig:RightFoot
BoneIndex: 64
BoneParentIndex: 220
BoneChildrenCount: 1
221
1.000000 0.000000 -0.000000 0.000000
0.000000 1.000000 -0.000000 0.000000
-0.000000 -0.000000 1.000000 -0.000000
0.000000 0.000000 -0.000000 1.000000
-0.994762 -0.097583 0.030426 0.000000
0.051107 -0.732608 -0.678729 0.000000
0.088522 -0.673619 0.733758 -0.000000
-0.127535 0.124403 0.083810 1.000000
BoneName: mixamorig:RightToeBase
BoneIndex: 65
BoneParentIndex: 223
BoneChildrenCount: 1
66
1.000000 0.000000 -0.000000 0.000000
0.000000 1.000000 -0.000000 0.000000
-0.000000 -0.000000 1.000000 -0.000000
0.000000 0.000000 -0.000000 1.000000
-0.997814 -0.066087 -0.000120 0.000000
-0.000002 0.001844 -0.999998 0.000000
0.066088 -0.997812 -0.001840 -0.000000
-0.130340 -0.116737 0.000478 1.000000
BoneName: mixamorig:RightToe_End
BoneIndex: 66
BoneParentIndex: 65
BoneChildrenCount: 0
1.000000 0.000000 -0.000000 0.000000
0.000000 1.000000 -0.000000 0.000000
-0.000000 -0.000000 1.000000 -0.000000
-0.000000 0.205930 0.000000 1.000000
-0.997814 -0.066087 -0.000120 0.000000
-0.000002 0.001844 -0.999998 0.000000
0.066088 -0.997812 -0.001840 -0.000000
-0.130340 -0.322667 0.000478 1.000000
BoneName: mixamorig:LeftUpLeg
BoneIndex: 67
BoneParentIndex: 226
BoneChildrenCount: 1
227
1.000000 0.000000 -0.000000 0.000000
0.000000 1.000000 -0.000000 0.000000
-0.000000 -0.000000 1.000000 -0.000000
0.000000 0.000000 -0.000000 1.000000
-1.000000 -0.000000 0.000000 0.000000
-0.000000 -0.999952 -0.009828 0.000000
0.000000 -0.009828 0.999952 -0.000000
0.117277 1.126538 0.010774 1.000000
BoneName: mixamorig:LeftLeg
BoneIndex: 68
BoneParentIndex: 229
BoneChildrenCount: 1
230
1.000000 0.000000 -0.000000 0.000000
0.000000 1.000000 -0.000000 0.000000
-0.000000 -0.000000 1.000000 -0.000000
0.000000 0.000000 -0.000000 1.000000
-1.000000 0.000000 0.000000 0.000000
-0.000000 -0.996951 0.078037 0.000000
0.000000 0.078037 0.996951 -0.000000
0.117277 0.639288 -0.045551 1.000000
BoneName: mixamorig:LeftFoot
BoneIndex: 69
BoneParentIndex: 232
BoneChildrenCount: 1
233
1.000000 0.000000 -0.000000 0.000000
0.000000 1.000000 -0.000000 0.000000
-0.000000 -0.000000 1.000000 -0.000000
0.000000 0.000000 -0.000000 1.000000
-0.994762 0.097583 -0.030423 0.000000
-0.051109 -0.732611 -0.678726 0.000000
-0.088521 -0.673616 0.733761 -0.000000
0.127535 0.124403 0.083809 1.000000
BoneName: mixamorig:LeftToeBase
BoneIndex: 70
BoneParentIndex: 235
BoneChildrenCount: 1
71
1.000000 0.000000 -0.000000 0.000000
0.000000 1.000000 -0.000000 0.000000
-0.000000 -0.000000 1.000000 -0.000000
0.000000 0.000000 -0.000000 1.000000
-0.997814 0.066087 0.000124 0.000000
-0.000002 0.001844 -0.999998 0.000000
-0.066087 -0.997812 -0.001840 -0.000000
0.130339 -0.116736 0.000477 1.000000
BoneName: mixamorig:LeftToe_End
BoneIndex: 71
BoneParentIndex: 70
BoneChildrenCount: 0
1.000000 0.000000 -0.000000 0.000000
0.000000 1.000000 -0.000000 0.000000
-0.000000 -0.000000 1.000000 -0.000000
0.000000 0.205929 0.000000 1.000000
-0.997814 0.066087 0.000124 0.000000
-0.000002 0.001844 -0.999998 0.000000
-0.066087 -0.997812 -0.001840 -0.000000
0.130339 -0.322665 0.000477 1.000000
BoneName: RootNode
BoneIndex: 72
BoneParentIndex: -1
BoneChildrenCount: 2
73
83
1.000000 0.000000 -0.000000 0.000000
0.000000 1.000000 -0.000000 0.000000
-0.000000 -0.000000 1.000000 -0.000000
0.000000 0.000000 -0.000000 1.000000
1.000000 0.000000 0.000000 0.000000
0.000000 1.000000 0.000000 0.000000
0.000000 0.000000 1.000000 0.000000
0.000000 0.000000 0.000000 1.000000
BoneName: MaleBruteA_Meshes
BoneIndex: 73
BoneParentIndex: 72
BoneChildrenCount: 9
74
75
76
77
78
79
80
81
82
1.000000 0.000000 -0.000000 0.000000
0.000000 1.000000 -0.000000 0.000000
-0.000000 -0.000000 1.000000 -0.000000
0.000000 0.000000 -0.000000 1.000000
1.000000 0.000000 0.000000 0.000000
0.000000 1.000000 0.000000 0.000000
0.000000 0.000000 1.000000 0.000000
0.000000 0.000000 0.000000 1.000000
BoneName: BattleAxe_GEO
BoneIndex: 74
BoneParentIndex: 73
BoneChildrenCount: 0
1.000000 0.000000 -0.000000 0.000000
0.000000 1.000000 -0.000000 0.000000
-0.000000 -0.000000 1.000000 -0.000000
0.000000 0.000000 -0.000000 1.000000
1.000000 0.000000 0.000000 0.000000
0.000000 1.000000 0.000000 0.000000
0.000000 0.000000 1.000000 0.000000
0.000000 0.000000 0.000000 1.000000
BoneName: MaleBruteA_Hair
BoneIndex: 75
BoneParentIndex: 73
BoneChildrenCount: 0
1.000000 0.000000 -0.000000 0.000000
0.000000 1.000000 -0.000000 0.000000
-0.000000 -0.000000 1.000000 -0.000000
0.000000 0.000000 -0.000000 1.000000
1.000000 0.000000 0.000000 0.000000
0.000000 1.000000 0.000000 0.000000
0.000000 0.000000 1.000000 0.000000
0.000000 0.000000 0.000000 1.000000
BoneName: MaleBruteA_Bottoms
BoneIndex: 76
BoneParentIndex: 73
BoneChildrenCount: 0
1.000000 0.000000 -0.000000 0.000000
0.000000 1.000000 -0.000000 0.000000
-0.000000 -0.000000 1.000000 -0.000000
0.000000 0.000000 -0.000000 1.000000
1.000000 0.000000 0.000000 0.000000
0.000000 1.000000 0.000000 0.000000
0.000000 0.000000 1.000000 0.000000
0.000000 0.000000 0.000000 1.000000
BoneName: MaleBruteA_Shoes
BoneIndex: 77
BoneParentIndex: 73
BoneChildrenCount: 0
1.000000 0.000000 -0.000000 0.000000
0.000000 1.000000 -0.000000 0.000000
-0.000000 -0.000000 1.000000 -0.000000
0.000000 0.000000 -0.000000 1.000000
1.000000 0.000000 0.000000 0.000000
0.000000 1.000000 0.000000 0.000000
0.000000 0.000000 1.000000 0.000000
0.000000 0.000000 0.000000 1.000000
BoneName: MaleBruteA_Moustaches
BoneIndex: 78
BoneParentIndex: 73
BoneChildrenCount: 0
1.000000 0.000000 -0.000000 0.000000
0.000000 1.000000 -0.000000 0.000000
-0.000000 -0.000000 1.000000 -0.000000
0.000000 0.000000 -0.000000 1.000000
1.000000 0.000000 0.000000 0.000000
0.000000 1.000000 0.000000 0.000000
0.000000 0.000000 1.000000 0.000000
0.000000 0.000000 0.000000 1.000000
BoneName: MaleBruteA_Eyes
BoneIndex: 79
BoneParentIndex: 73
BoneChildrenCount: 0
1.000000 0.000000 -0.000000 0.000000
0.000000 1.000000 -0.000000 0.000000
-0.000000 -0.000000 1.000000 -0.000000
0.000000 0.000000 -0.000000 1.000000
1.000000 0.000000 0.000000 0.000000
0.000000 1.000000 0.000000 0.000000
0.000000 0.000000 1.000000 0.000000
0.000000 0.000000 0.000000 1.000000
BoneName: MaleBruteA_Eyelashes
BoneIndex: 80
BoneParentIndex: 73
BoneChildrenCount: 0
1.000000 0.000000 -0.000000 0.000000
0.000000 1.000000 -0.000000 0.000000
-0.000000 -0.000000 1.000000 -0.000000
0.000000 0.000000 -0.000000 1.000000
1.000000 0.000000 0.000000 0.000000
0.000000 1.000000 0.000000 0.000000
0.000000 0.000000 1.000000 0.000000
0.000000 0.000000 0.000000 1.000000
BoneName: MaleBruteA_Body
BoneIndex: 81
BoneParentIndex: 73
BoneChildrenCount: 0
1.000000 0.000000 -0.000000 0.000000
0.000000 1.000000 -0.000000 0.000000
-0.000000 -0.000000 1.000000 -0.000000
0.000000 0.000000 -0.000000 1.000000
1.000000 0.000000 0.000000 0.000000
0.000000 1.000000 0.000000 0.000000
0.000000 0.000000 1.000000 0.000000
0.000000 0.000000 0.000000 1.000000
BoneName: MaleBruteA_Earrings
BoneIndex: 82
BoneParentIndex: 73
BoneChildrenCount: 0
1.000000 0.000000 -0.000000 0.000000
0.000000 1.000000 -0.000000 0.000000
-0.000000 -0.000000 1.000000 -0.000000
0.000000 0.000000 -0.000000 1.000000
1.000000 0.000000 0.000000 0.000000
0.000000 1.000000 0.000000 0.000000
0.000000 0.000000 1.000000 0.000000
0.000000 0.000000 0.000000 1.000000
BoneName: mixamorig:Hips_$AssimpFbx$_Translation
BoneIndex: 83
BoneParentIndex: 72
BoneChildrenCount: 1
84
1.000000 0.000000 -0.000000 0.000000
0.000000 1.000000 -0.000000 0.000000
-0.000000 -0.000000 1.000000 -0.000000
0.000000 1.218620 0.003858 1.000000
1.000000 0.000000 0.000000 0.000000
0.000000 1.000000 0.000000 0.000000
0.000000 0.000000 1.000000 0.000000
0.000000 0.000000 0.000000 1.000000
BoneName: mixamorig:Hips_$AssimpFbx$_PreRotation
BoneIndex: 84
BoneParentIndex: 83
BoneChildrenCount: 1
85
1.000000 -0.000949 0.000031 0.000000
0.000949 1.000000 -0.000003 0.000000
-0.000031 0.000004 1.000000 -0.000000
0.000000 0.000000 -0.000000 1.000000
1.000000 0.000000 0.000000 0.000000
0.000000 1.000000 0.000000 0.000000
0.000000 0.000000 1.000000 0.000000
0.000000 0.000000 0.000000 1.000000
BoneName: mixamorig:Hips_$AssimpFbx$_Rotation
BoneIndex: 85
BoneParentIndex: 84
BoneChildrenCount: 1
0
1.000000 0.000000 -0.000000 0.000000
0.000000 1.000000 -0.000000 0.000000
-0.000000 -0.000000 1.000000 -0.000000
0.000000 0.000000 -0.000000 1.000000
1.000000 0.000000 0.000000 0.000000
0.000000 1.000000 0.000000 0.000000
0.000000 0.000000 1.000000 0.000000
0.000000 0.000000 0.000000 1.000000
BoneName: mixamorig:Spine_$AssimpFbx$_Translation
BoneIndex: 86
BoneParentIndex: 0
BoneChildrenCount: 1
87
1.000000 0.000000 -0.000000 0.000000
0.000000 1.000000 -0.000000 0.000000
-0.000000 -0.000000 1.000000 -0.000000
-0.000112 0.118432 0.013817 1.000000
1.000000 0.000000 0.000000 0.000000
0.000000 1.000000 0.000000 0.000000
0.000000 0.000000 1.000000 0.000000
0.000000 0.000000 0.000000 1.000000
BoneName: mixamorig:Spine_$AssimpFbx$_PreRotation
BoneIndex: 87
BoneParentIndex: 86
BoneChildrenCount: 1
88
1.000000 0.000950 -0.000031 0.000000
-0.000935 0.989299 0.145898 0.000000
0.000169 -0.145898 0.989300 -0.000000
0.000000 0.000000 -0.000000 1.000000
1.000000 0.000000 0.000000 0.000000
0.000000 1.000000 0.000000 0.000000
0.000000 0.000000 1.000000 0.000000
0.000000 0.000000 0.000000 1.000000
BoneName: mixamorig:Spine_$AssimpFbx$_Rotation
BoneIndex: 88
BoneParentIndex: 87
BoneChildrenCount: 1
1
1.000000 0.000000 -0.000000 0.000000
0.000000 1.000000 -0.000000 0.000000
-0.000000 -0.000000 1.000000 -0.000000
0.000000 0.000000 -0.000000 1.000000
1.000000 0.000000 0.000000 0.000000
0.000000 1.000000 0.000000 0.000000
0.000000 0.000000 1.000000 0.000000
0.000000 0.000000 0.000000 1.000000
BoneName: mixamorig:Spine2_$AssimpFbx$_Translation
BoneIndex: 89
BoneParentIndex: 2
BoneChildrenCount: 1
90
1.000000 0.000000 -0.000000 0.000000
0.000000 1.000000 -0.000000 0.000000
-0.000000 -0.000000 1.000000 -0.000000
0.000000 0.159778 -0.000000 1.000000
1.000000 0.000000 0.000000 0.000000
0.000000 1.000000 0.000000 0.000000
0.000000 0.000000 1.000000 0.000000
0.000000 0.000000 0.000000 1.000000
BoneName: mixamorig:Spine2_$AssimpFbx$_PreRotation
BoneIndex: 90
BoneParentIndex: 89
BoneChildrenCount: 1
91
1.000000 0.000000 -0.000000 0.000000
0.000000 0.989300 -0.145895 0.000000
-0.000000 0.145895 0.989300 -0.000000
0.000000 0.000000 -0.000000 1.000000
1.000000 0.000000 0.000000 0.000000
0.000000 1.000000 0.000000 0.000000
0.000000 0.000000 1.000000 0.000000
0.000000 0.000000 0.000000 1.000000
BoneName: mixamorig:Spine2_$AssimpFbx$_Rotation
BoneIndex: 91
BoneParentIndex: 90
BoneChildrenCount: 1
3
1.000000 0.000000 -0.000000 0.000000
0.000000 1.000000 -0.000000 0.000000
-0.000000 -0.000000 1.000000 -0.000000
0.000000 0.000000 -0.000000 1.000000
1.000000 0.000000 0.000000 0.000000
0.000000 1.000000 0.000000 0.000000
0.000000 0.000000 1.000000 0.000000
0.000000 0.000000 0.000000 1.000000
BoneName: mixamorig:LeftEye_$AssimpFbx$_Translation
BoneIndex: 92
BoneParentIndex: 5
BoneChildrenCount: 1
93
1.000000 0.000000 -0.000000 0.000000
0.000000 1.000000 -0.000000 0.000000
-0.000000 -0.000000 1.000000 -0.000000
0.041261 0.097638 -0.128006 1.000000
1.000000 0.000000 0.000000 0.000000
0.000000 1.000000 0.000000 0.000000
0.000000 0.000000 1.000000 0.000000
0.000000 0.000000 0.000000 1.000000
BoneName: mixamorig:LeftEye_$AssimpFbx$_PreRotation
BoneIndex: 93
BoneParentIndex: 92
BoneChildrenCount: 1
7
1.000000 0.000000 -0.000000 0.000000
0.000000 0.997198 -0.074807 0.000000
-0.000000 0.074807 0.997198 -0.000000
0.000000 0.000000 -0.000000 1.000000
1.000000 0.000000 0.000000 0.000000
0.000000 1.000000 0.000000 0.000000
0.000000 0.000000 1.000000 0.000000
0.000000 0.000000 0.000000 1.000000
BoneName: mixamorig:RightEye_$AssimpFbx$_Translation
BoneIndex: 94
BoneParentIndex: 5
BoneChildrenCount: 1
95
1.000000 0.000000 -0.000000 0.000000
0.000000 1.000000 -0.000000 0.000000
-0.000000 -0.000000 1.000000 -0.000000
-0.038829 0.097638 -0.127992 1.000000
1.000000 0.000000 0.000000 0.000000
0.000000 1.000000 0.000000 0.000000
0.000000 0.000000 1.000000 0.000000
0.000000 0.000000 0.000000 1.000000
BoneName: mixamorig:RightEye_$AssimpFbx$_PreRotation
BoneIndex: 95
BoneParentIndex: 94
BoneChildrenCount: 1
8
1.000000 0.000000 -0.000000 0.000000
0.000000 0.997198 -0.074807 0.000000
-0.000000 0.074807 0.997198 -0.000000
0.000000 0.000000 -0.000000 1.000000
1.000000 0.000000 0.000000 0.000000
0.000000 1.000000 0.000000 0.000000
0.000000 0.000000 1.000000 0.000000
0.000000 0.000000 0.000000 1.000000
BoneName: mixamorig:Hair1_$AssimpFbx$_Translation
BoneIndex: 96
BoneParentIndex: 5
BoneChildrenCount: 1
97
1.000000 0.000000 -0.000000 0.000000
0.000000 1.000000 -0.000000 0.000000
-0.000000 -0.000000 1.000000 -0.000000
-0.000064 0.104047 0.093481 1.000000
1.000000 0.000000 0.000000 0.000000
0.000000 1.000000 0.000000 0.000000
0.000000 0.000000 1.000000 0.000000
0.000000 0.000000 0.000000 1.000000
BoneName: mixamorig:Hair1_$AssimpFbx$_PreRotation
BoneIndex: 97
BoneParentIndex: 96
BoneChildrenCount: 1
9
-0.000000 -0.914593 0.404375 0.000000
-0.000000 0.404375 0.914593 0.000000
-1.000000 0.000000 -0.000000 -0.000000
0.000000 0.000000 -0.000000 1.000000
1.000000 0.000000 0.000000 0.000000
0.000000 1.000000 0.000000 0.000000
0.000000 0.000000 1.000000 0.000000
0.000000 0.000000 0.000000 1.000000
BoneName: mixamorig:Hair2_$AssimpFbx$_Translation
BoneIndex: 98
BoneParentIndex: 9
BoneChildrenCount: 1
99
1.000000 0.000000 -0.000000 0.000000
0.000000 1.000000 -0.000000 0.000000
-0.000000 -0.000000 1.000000 -0.000000
0.082454 0.000000 0.000000 1.000000
1.000000 0.000000 0.000000 0.000000
0.000000 1.000000 0.000000 0.000000
0.000000 0.000000 1.000000 0.000000
0.000000 0.000000 0.000000 1.000000
BoneName: mixamorig:Hair2_$AssimpFbx$_PreRotation
BoneIndex: 99
BoneParentIndex: 98
BoneChildrenCount: 1
10
0.996688 0.081316 -0.000000 0.000000
-0.081316 0.996688 -0.000000 0.000000
-0.000000 -0.000000 1.000000 -0.000000
0.000000 0.000000 -0.000000 1.000000
1.000000 0.000000 0.000000 0.000000
0.000000 1.000000 0.000000 0.000000
0.000000 0.000000 1.000000 0.000000
0.000000 0.000000 0.000000 1.000000
BoneName: mixamorig:Hair3_$AssimpFbx$_Translation
BoneIndex: 100
BoneParentIndex: 10
BoneChildrenCount: 1
101
1.000000 0.000000 -0.000000 0.000000
0.000000 1.000000 -0.000000 0.000000
-0.000000 -0.000000 1.000000 -0.000000
0.087564 -0.000000 0.000000 1.000000
1.000000 0.000000 0.000000 0.000000
0.000000 1.000000 0.000000 0.000000
0.000000 0.000000 1.000000 0.000000
0.000000 0.000000 0.000000 1.000000
BoneName: mixamorig:Hair3_$AssimpFbx$_PreRotation
BoneIndex: 101
BoneParentIndex: 100
BoneChildrenCount: 1
11
0.993907 0.110220 -0.000000 0.000000
-0.110220 0.993907 -0.000000 0.000000
-0.000000 -0.000000 1.000000 -0.000000
0.000000 0.000000 -0.000000 1.000000
